91.82 90.86 100.55 93.99 88.82 127.86 91.54 96.09 88.32 72.27 91.85 93.73 63.04 99.34 95.18 80.36 96.82 88.28 68.57 91.86 72.71 81.91 91.17 86.57 
109.71 81.54 72.75 103.04 110.96 68.64 84.87 74.01 104.74 83.83 83.10 98.45 106.87 108.99 94.98 92.42 79.44 79.12 110.12 59.40 89.32 77.73 90.41 110.85 
89.23 84.89 74.51 64.39 84.18 96.13 104.16 81.42 62.09 119.71 60.68 75.73 62.43 108.03 92.91 95.01 85.72 104.13 112.56 113.13 69.01 87.92 93.27 78.54 
100.52 120.57 95.19 60.11 57.33 112.94 91.09 101.78 96.82 79.05 92.04 107.17 115.21 104.13 108.15 107.33 88.60 80.78 95.68 80.46 96.13 121.68 82.67 87.25 
95.64 96.28 79.68 81.10 88.75 99.45 82.30 91.24 86.75 81.40 109.48 57.03 101.73 108.96 95.86 108.03 104.03 107.82 111.03 93.20 99.96 106.70 68.96 86.51 
58.76 90.08 91.14 73.99 93.86 78.05 109.78 61.58 80.79 91.04 76.26 56.39 88.55 69.42 100.18 72.31 78.00 79.95 65.73 60.45 70.23 113.00 117.45 90.92 
83.41 74.01 71.18 106.84 102.79 79.85 107.00 85.92 91.39 95.76 79.53 77.48 114.22 82.18 96.45 101.29 97.28 95.28 98.87 64.81 74.30 108.86 87.40 112.94 
56.44 104.26 74.20 104.89 95.59 91.43 117.31 62.16 80.89 64.23 79.99 101.91 59.02 102.87 89.21 92.69 116.38 102.70 59.94 103.68 84.79 57.45 81.32 94.25 
101.08 74.71 124.18 106.37 97.34 88.01 119.99 64.59 96.05 74.58 124.90 77.41 88.35 94.21 93.01 101.79 94.19 92.36 84.78 65.68 79.63 100.74 68.46 87.51 
108.37 91.22 90.72 82.86 109.78 92.12 115.84 85.68 87.16 92.26 89.43 59.08 94.80 65.38 100.88 107.48 76.69 97.12 98.13 61.22 81.88 105.39 71.97 113.41 
84.36 81.50 110.68 61.65 75.27 88.48 79.28 97.72 56.76 62.48 105.05 76.99 81.36 68.27 85.53 102.72 95.43 70.19 104.25 74.72 77.47 107.01 66.78 80.96 
58.80 85.20 102.38 120.96 95.29 110.46 92.29 92.69 90.01 101.52 113.00 92.96 88.82 87.09 95.53 99.27 96.68 82.40 76.96 82.91 95.22 101.51 92.48 80.87 
111.53 89.30 64.98 57.76 106.05 99.62 71.65 97.10 72.33 98.49 114.59 122.59 113.14 102.84 74.12 83.33 90.89 82.69 64.72 112.22 59.83 91.41 85.47 67.56 
102.81 87.99 89.05 118.38 66.87 80.18 97.69 68.53 119.66 117.41 92.22 109.53 76.76 92.95 108.20 84.68 103.70 95.14 106.98 62.52 78.34 79.94 90.63 94.48 
93.82 51.71 86.89 75.21 76.64 97.84 114.46 92.67 77.72 107.38 87.23 78.84 105.59 83.37 99.56 88.93 72.52 91.60 76.24 103.86 99.92 84.35 77.70 114.56 
106.44 92.73 88.12 90.07 98.44 82.66 75.08 73.84 67.77 97.53 98.60 94.07 101.97 98.92 91.43 103.25 64.47 91.32 126.18 87.15 79.17 80.36 82.73 102.87 
118.99 104.97 76.18 99.78 78.86 95.30 106.81 131.77 63.81 98.69 81.78 92.77 91.65 60.17 111.91 80.10 90.02 88.58 83.21 110.37 69.39 70.78 95.68 97.04 
105.21 78.62 85.04 96.74 95.76 95.74 101.89 96.87 112.35 91.91 78.79 89.99 99.56 117.53 88.30 94.27 98.73 104.56 75.15 66.46 92.72 73.98 80.27 95.14 
84.34 90.76 80.51 83.37 80.14 69.41 78.34 79.20 87.12 82.32 89.24 67.70 89.52 80.05 79.75 107.01 96.58 74.66 89.47 66.89 99.76 83.78 121.55 86.10 
78.95 84.06 81.04 99.83 97.45 94.91 113.23 83.36 112.27 74.59 106.05 73.68 117.58 76.68 99.49 80.61 72.92 106.72 80.00 53.53 75.97 105.86 76.54 102.31 
