44.57 45.62 57.94 
42.36 65.81 34.73 
62.18 95.30 58.45 
54.42 70.34 80.18 
50.10 61.67 49.69 
40.24 36.52 36.24 
27.82 69.06 43.31 
50.30 79.06 32.53 
66.72 70.13 41.56 
81.10 48.62 16.57 
6.38 54.28 20.53 
49.45 73.05 35.41 
88.92 74.74 52.84 
34.06 53.14 39.96 
43.35 64.01 27.78 
30.92 2.58 67.36 
68.72 16.93 31.19 
90.82 62.69 53.15 
52.09 42.71 30.56 
66.30 20.80 31.74 
57.24 59.19 42.28 
84.03 67.31 49.17 
58.73 48.59 63.54 
53.23 29.98 72.03 
29.39 55.27 60.07 
43.07 51.62 65.77 
46.28 81.20 84.07 
38.98 82.33 65.47 
12.29 32.83 17.10 
36.92 81.24 7.69 
77.37 6.47 69.48 
60.19 36.42 61.19 
28.22 84.67 39.70 
57.58 33.07 24.86 
65.53 9.56 42.99 
52.31 51.36 40.20 
48.59 23.98 54.80 
54.13 36.08 70.10 
56.29 53.41 54.80 
72.00 45.19 50.48 
60.64 49.95 74.72 
32.69 65.73 40.66 
41.24 17.73 55.10 
43.16 80.22 15.53 
5.92 60.11 69.63 
58.70 69.02 75.37 
6.29 47.70 46.69 
45.14 53.15 61.23 
72.50 22.26 72.38 
75.44 61.25 64.09 
34.69 48.95 18.07 
59.89 66.61 44.16 
27.33 44.79 49.43 
19.56 76.38 54.63 
32.02 56.45 77.33 
30.13 38.43 44.11 
44.54 40.68 29.08 
82.23 54.25 62.38 
19.86 80.81 66.91 
33.11 36.54 32.73 
63.20 50.37 74.02 
29.38 71.84 60.70 
50.17 28.90 73.59 
60.96 61.38 80.04 
87.69 61.78 59.73 
19.82 58.50 71.41 
51.78 26.42 39.71 
68.20 59.51 9.37 
68.88 31.46 67.91 
37.10 61.61 47.31 
10 7
