7 3 11 3 9 6 12 2 19 3 1 
18 19 2 13 8 13 6 5 13 5 11 
5 11 19 17 18 14 1 8 3 9 15 
6 13 4 20 12 20 17 20 5 16 13 
1 15 7 14 14 9 16 18 7 6 18 
15 12 14 8 16 19 20 17 9 11 20 
12 4 18 6 3 5 9 3 18 1 2 
3 17 9 18 13 7 8 14 17 4 3 
8 10 13 5 20 3 7 19 14 19 8 
13 18 1 4 2 12 3 4 1 10 14 
10 5 15 9 17 8 4 7 4 18 9 
14 7 8 10 4 4 2 6 10 17 10 
16 20 6 19 5 18 10 15 15 15 16 
20 6 3 11 10 15 15 12 8 8 7 
2 9 10 1 1 11 14 9 6 20 19 
4 8 20 12 11 16 11 16 11 12 4 
17 1 17 7 6 17 19 11 12 14 17 
9 2 16 16 15 1 18 10 16 7 6 
11 16 12 2 7 2 13 1 2 2 12 
19 14 5 15 19 10 5 13 20 13 5 
20 11
