Diff between driver0 and driver1:
-17.89 -8.57 19.23 10.18 -11.96 47.26 53.93 76.01 59.59 48.03 56.78 52.06 8.23 -1.42 -1.22 -13.28 4.10 13.26 -28.29 4.17 -12.44 -8.26 -7.50 -31.78 

Diff between driver0 and driver2:
2.59 8.56 34.60 64.20 68.84 100.57 87.95 102.62 128.85 81.41 112.58 130.58 131.19 122.50 124.77 110.12 121.22 105.37 61.38 40.11 43.81 37.80 35.70 43.73 

Diff between driver0 and driver3:
-8.70 -38.41 -33.05 0.83 32.32 47.24 47.69 42.00 33.50 26.72 26.53 13.09 -39.08 -43.87 -56.84 -83.81 -75.59 -68.09 -95.20 -83.80 -107.22 -146.99 -138.49 -139.17 

Diff between driver0 and driver4:
-3.82 -9.24 11.63 24.52 24.59 53.00 62.24 67.09 68.66 59.53 41.90 78.60 39.91 30.29 29.61 1.94 -5.27 -24.81 -67.27 -68.61 -95.86 -120.65 -98.44 -98.38 

Diff between driver0 and driver5:
33.06 33.84 43.25 63.25 58.21 108.02 89.78 124.29 131.82 113.05 128.64 165.98 140.47 170.39 165.39 173.44 192.26 200.59 203.43 234.84 237.32 206.23 179.95 175.60 

Diff between driver0 and driver6:
8.41 25.26 54.63 41.78 27.81 75.82 60.36 70.53 67.46 43.97 56.29 72.54 21.36 38.52 37.25 16.32 15.86 8.86 -21.44 5.61 4.02 -22.93 -19.16 -45.53 

Diff between driver0 and driver7:
35.38 21.98 48.33 37.43 30.66 67.09 41.32 75.25 82.68 90.72 102.58 94.40 98.42 94.89 100.86 88.53 68.97 54.55 63.18 51.36 39.28 63.74 73.59 65.91 

Diff between driver0 and driver8:
-9.26 6.89 -16.74 -29.12 -37.64 2.21 -26.24 5.26 -2.47 -4.78 -37.83 -21.51 -46.82 -41.69 -39.52 -60.95 -58.32 -62.40 -78.61 -52.43 -59.35 -78.18 -55.47 -56.41 

Diff between driver0 and driver9:
-16.55 -16.91 -7.08 4.05 -16.91 18.83 -5.47 4.94 6.10 -13.89 -11.47 23.18 -8.58 25.38 19.68 -7.44 12.69 3.85 -25.71 4.93 -4.24 -27.72 -8.52 -35.36 

Diff between driver0 and driver10:
7.46 16.82 6.69 39.03 52.58 91.96 104.22 102.59 134.15 143.94 130.74 147.48 129.16 160.23 169.88 147.52 148.91 167.00 131.32 148.46 143.70 118.60 142.99 148.60 

Diff between driver0 and driver11:
33.02 38.68 36.85 9.88 3.41 20.81 20.06 23.46 21.77 -7.48 -28.63 -27.86 -53.64 -41.39 -41.74 -60.65 -60.51 -54.63 -63.02 -54.07 -76.58 -96.18 -97.49 -91.79 

Diff between driver0 and driver12:
-19.71 -18.15 17.42 53.65 36.42 64.66 84.55 83.54 99.53 73.31 50.57 21.71 -28.39 -31.89 -10.83 -13.80 -7.87 -2.28 1.57 -18.79 -5.91 -15.41 -9.71 9.30 

Diff between driver0 and driver13:
-10.99 -8.12 3.38 -21.01 0.94 48.62 42.47 70.03 38.69 -6.45 -6.82 -22.62 -36.34 -29.95 -42.97 -47.29 -54.17 -61.03 -99.44 -70.10 -75.73 -73.76 -73.22 -81.13 

Diff between driver0 and driver14:
-2.00 37.15 50.81 69.59 81.77 111.79 88.87 92.29 102.89 67.78 72.40 87.29 44.74 60.71 56.33 47.76 72.06 68.74 61.07 49.07 21.86 19.42 32.89 4.90 

Diff between driver0 and driver15:
-14.62 -16.49 -4.06 -0.14 -9.76 35.44 51.90 74.15 94.70 69.44 62.69 62.35 23.42 23.84 27.59 4.70 37.05 34.01 -23.60 -18.89 -25.35 -23.80 -15.36 -31.66 

Diff between driver0 and driver16:
-27.17 -41.28 -16.91 -22.70 -12.74 19.82 4.55 -31.13 -6.62 -33.04 -22.97 -22.01 -50.62 -11.45 -28.18 -27.92 -21.12 -21.42 -36.06 -54.57 -51.25 -40.12 -44.63 -55.10 

Diff between driver0 and driver17:
-13.39 -1.15 14.36 11.61 4.67 36.79 26.44 25.66 1.63 -18.01 -4.95 -1.21 -37.73 -55.92 -49.04 -62.95 -64.86 -81.14 -87.72 -62.32 -82.33 -74.40 -63.50 -72.07 

Diff between driver0 and driver18:
7.48 7.58 27.62 38.24 46.92 105.37 118.57 135.46 136.66 126.61 129.22 155.25 128.77 148.06 163.49 136.84 137.08 150.70 129.80 154.77 127.72 125.85 95.47 95.94 

Diff between driver0 and driver19:
12.87 19.67 39.18 33.34 24.71 57.66 35.97 48.70 24.75 22.43 8.23 28.28 -26.26 -3.60 -7.91 -8.16 15.74 -2.70 -14.13 24.20 20.94 -3.01 11.62 -4.12 

Diff between driver1 and driver2:
20.48 17.13 15.37 54.02 80.80 53.31 34.02 26.61 69.26 33.38 55.80 78.52 122.96 123.92 125.99 123.40 117.12 92.11 89.67 35.94 56.25 46.06 43.20 75.51 

Diff between driver1 and driver3:
9.19 -29.84 -52.28 -9.35 44.28 -0.02 -6.24 -34.01 -26.09 -21.31 -30.25 -38.97 -47.31 -42.45 -55.62 -70.53 -79.69 -81.35 -66.91 -87.97 -94.78 -138.73 -130.99 -107.39 

Diff between driver1 and driver4:
14.07 -0.67 -7.60 14.34 36.55 5.74 8.31 -8.92 9.07 11.50 -14.88 26.54 31.68 31.71 30.83 15.22 -9.37 -38.07 -38.98 -72.78 -83.42 -112.39 -90.94 -66.60 

Diff between driver1 and driver5:
50.95 42.41 24.02 53.07 70.17 60.76 35.85 48.28 72.23 65.02 71.86 113.92 132.24 171.81 166.61 186.72 188.16 187.33 231.72 230.67 249.76 214.49 187.45 207.38 

Diff between driver1 and driver6:
26.30 33.83 35.40 31.60 39.77 28.56 6.43 -5.48 7.87 -4.06 -0.49 20.48 13.13 39.94 38.47 29.60 11.76 -4.40 6.85 1.44 16.46 -14.67 -11.66 -13.75 

Diff between driver1 and driver7:
53.27 30.55 29.10 27.25 42.62 19.83 -12.61 -0.76 23.09 42.69 45.80 42.34 90.19 96.31 102.08 101.81 64.87 41.29 91.47 47.19 51.72 72.00 81.09 97.69 

Diff between driver1 and driver8:
8.63 15.46 -35.97 -39.30 -25.68 -45.05 -80.17 -70.75 -62.06 -52.81 -94.61 -73.57 -55.05 -40.27 -38.30 -47.67 -62.42 -75.66 -50.32 -56.60 -46.91 -69.92 -47.97 -24.63 

Diff between driver1 and driver9:
1.34 -8.34 -26.31 -6.13 -4.95 -28.43 -59.40 -71.07 -53.49 -61.92 -68.25 -28.88 -16.81 26.80 20.90 5.84 8.59 -9.41 2.58 0.76 8.20 -19.46 -1.02 -3.58 

Diff between driver1 and driver10:
25.35 25.39 -12.54 28.85 64.54 44.70 50.29 26.58 74.56 95.91 73.96 95.42 120.93 161.65 171.10 160.80 144.81 153.74 159.61 144.29 156.14 126.86 150.49 180.38 

Diff between driver1 and driver11:
50.91 47.25 17.62 -0.30 15.37 -26.45 -33.87 -52.55 -37.82 -55.51 -85.41 -79.92 -61.87 -39.97 -40.52 -47.37 -64.61 -67.89 -34.73 -58.24 -64.14 -87.92 -89.99 -60.01 

Diff between driver1 and driver12:
-1.82 -9.58 -1.81 43.47 48.38 17.40 30.62 7.53 39.94 25.28 -6.21 -30.35 -36.62 -30.47 -9.61 -0.52 -11.97 -15.54 29.86 -22.96 6.53 -7.15 -2.21 41.08 

Diff between driver1 and driver13:
6.90 0.45 -15.85 -31.19 12.90 1.36 -11.46 -5.98 -20.90 -54.48 -63.60 -74.68 -44.57 -28.53 -41.75 -34.01 -58.27 -74.29 -71.15 -74.27 -63.29 -65.50 -65.72 -49.35 

Diff between driver1 and driver14:
15.89 45.72 31.58 59.41 93.73 64.53 34.94 16.28 43.30 19.75 15.62 35.23 36.51 62.13 57.55 61.04 67.96 55.48 89.36 44.90 34.30 27.68 40.39 36.68 

Diff between driver1 and driver15:
3.27 -7.92 -23.29 -10.32 2.20 -11.82 -2.03 -1.86 35.11 21.41 5.91 10.29 15.19 25.26 28.81 17.98 32.95 20.75 4.69 -23.06 -12.91 -15.54 -7.86 0.12 

Diff between driver1 and driver16:
-9.28 -32.71 -36.14 -32.88 -0.78 -27.44 -49.38 -107.14 -66.21 -81.07 -79.75 -74.07 -58.85 -10.03 -26.96 -14.64 -25.22 -34.68 -7.77 -58.74 -38.81 -31.86 -37.13 -23.32 

Diff between driver1 and driver17:
4.50 7.42 -4.87 1.43 16.63 -10.47 -27.49 -50.35 -57.96 -66.04 -61.73 -53.27 -45.96 -54.50 -47.82 -49.67 -68.96 -94.40 -59.43 -66.49 -69.89 -66.14 -56.00 -40.29 

Diff between driver1 and driver18:
25.37 16.15 8.39 28.06 58.88 58.11 64.64 59.45 77.07 78.58 72.44 103.19 120.54 149.48 164.71 150.12 132.98 137.44 158.09 150.60 140.16 134.11 102.97 127.72 

Diff between driver1 and driver19:
30.76 28.24 19.95 23.16 36.67 10.40 -17.96 -27.31 -34.84 -25.60 -48.55 -23.78 -34.49 -2.18 -6.69 5.12 11.64 -15.96 14.16 20.03 33.38 5.25 19.12 27.66 

Diff between driver2 and driver3:
-11.29 -46.97 -67.65 -63.37 -36.52 -53.33 -40.26 -60.62 -95.35 -54.69 -86.05 -117.49 -170.27 -166.37 -181.61 -193.93 -196.81 -173.46 -156.58 -123.91 -151.03 -184.79 -174.19 -182.90 

Diff between driver2 and driver4:
-6.41 -17.80 -22.97 -39.68 -44.25 -47.57 -25.71 -35.53 -60.19 -21.88 -70.68 -51.98 -91.28 -92.21 -95.16 -108.18 -126.49 -130.18 -128.65 -108.72 -139.67 -158.45 -134.14 -142.11 

Diff between driver2 and driver5:
30.47 25.28 8.65 -0.95 -10.63 7.45 1.83 21.67 2.97 31.64 16.06 35.40 9.28 47.89 40.62 63.32 71.04 95.22 142.05 194.73 193.51 168.43 144.25 131.87 

Diff between driver2 and driver6:
5.82 16.70 20.03 -22.42 -41.03 -24.75 -27.59 -32.09 -61.39 -37.44 -56.29 -58.04 -109.83 -83.98 -87.52 -93.80 -105.36 -96.51 -82.82 -34.50 -39.79 -60.73 -54.86 -89.26 

Diff between driver2 and driver7:
32.79 13.42 13.73 -26.77 -38.18 -33.48 -46.63 -27.37 -46.17 9.31 -10.00 -36.18 -32.77 -27.61 -23.91 -21.59 -52.25 -50.82 1.80 11.25 -4.53 25.94 37.89 22.18 

Diff between driver2 and driver8:
-11.85 -1.67 -51.34 -93.32 -106.48 -98.36 -114.19 -97.36 -131.32 -86.19 -150.41 -152.09 -178.01 -164.19 -164.29 -171.07 -179.54 -167.77 -139.99 -92.54 -103.16 -115.98 -91.17 -100.14 

Diff between driver2 and driver9:
-19.14 -25.47 -41.68 -60.15 -85.75 -81.74 -93.42 -97.68 -122.75 -95.30 -124.05 -107.40 -139.77 -97.12 -105.09 -117.56 -108.53 -101.52 -87.09 -35.18 -48.05 -65.52 -44.22 -79.09 

Diff between driver2 and driver10:
4.87 8.26 -27.91 -25.17 -16.26 -8.61 16.27 -0.03 5.30 62.53 18.16 16.90 -2.03 37.73 45.11 37.40 27.69 61.63 69.94 108.35 99.89 80.80 107.29 104.87 

Diff between driver2 and driver11:
30.43 30.12 2.25 -54.32 -65.43 -79.76 -67.89 -79.16 -107.08 -88.89 -141.21 -158.44 -184.83 -163.89 -166.51 -170.77 -181.73 -160.00 -124.40 -94.18 -120.39 -133.98 -133.19 -135.52 

Diff between driver2 and driver12:
-22.30 -26.71 -17.18 -10.55 -32.42 -35.91 -3.40 -19.08 -29.32 -8.10 -62.01 -108.87 -159.58 -154.39 -135.60 -123.92 -129.09 -107.65 -59.81 -58.90 -49.72 -53.21 -45.41 -34.43 

Diff between driver2 and driver13:
-13.58 -16.68 -31.22 -85.21 -67.90 -51.95 -45.48 -32.59 -90.16 -87.86 -119.40 -153.20 -167.53 -152.45 -167.74 -157.41 -175.39 -166.40 -160.82 -110.21 -119.54 -111.56 -108.92 -124.86 

Diff between driver2 and driver14:
-4.59 28.59 16.21 5.39 12.93 11.22 0.92 -10.33 -25.96 -13.63 -40.18 -43.29 -86.45 -61.79 -68.44 -62.36 -49.16 -36.63 -0.31 8.96 -21.95 -18.38 -2.81 -38.83 

Diff between driver2 and driver15:
-17.21 -25.05 -38.66 -64.34 -78.60 -65.13 -36.05 -28.47 -34.15 -11.97 -49.89 -68.23 -107.77 -98.66 -97.18 -105.42 -84.17 -71.36 -84.98 -59.00 -69.16 -61.60 -51.06 -75.39 

Diff between driver2 and driver16:
-29.76 -49.84 -51.51 -86.90 -81.58 -80.75 -83.40 -133.75 -135.47 -114.45 -135.55 -152.59 -181.81 -133.95 -152.95 -138.04 -142.34 -126.79 -97.44 -94.68 -95.06 -77.92 -80.33 -98.83 

Diff between driver2 and driver17:
-15.98 -9.71 -20.24 -52.59 -64.17 -63.78 -61.51 -76.96 -127.22 -99.42 -117.53 -131.79 -168.92 -178.42 -173.81 -173.07 -186.08 -186.51 -149.10 -102.43 -126.14 -112.20 -99.20 -115.80 

Diff between driver2 and driver18:
4.89 -0.98 -6.98 -25.96 -21.92 4.80 30.62 32.84 7.81 45.20 16.64 24.67 -2.42 25.56 38.72 26.72 15.86 45.33 68.42 114.66 83.91 88.05 59.77 52.21 

Diff between driver2 and driver19:
10.28 11.11 4.58 -30.86 -44.13 -42.91 -51.98 -53.92 -104.10 -58.98 -104.35 -102.30 -157.45 -126.10 -132.68 -118.28 -105.48 -108.07 -75.51 -15.91 -22.87 -40.81 -24.08 -47.85 

Diff between driver3 and driver4:
4.88 29.17 44.68 23.69 -7.73 5.76 14.55 25.09 35.16 32.81 15.37 65.51 78.99 74.16 86.45 85.75 70.32 43.28 27.93 15.19 11.36 26.34 40.05 40.79 

Diff between driver3 and driver5:
41.76 72.25 76.30 62.42 25.89 60.78 42.09 82.29 98.32 86.33 102.11 152.89 179.55 214.26 222.23 257.25 267.85 268.68 298.63 318.64 344.54 353.22 318.44 314.77 

Diff between driver3 and driver6:
17.11 63.67 87.68 40.95 -4.51 28.58 12.67 28.53 33.96 17.25 29.76 59.45 60.44 82.39 94.09 100.13 91.45 76.95 73.76 89.41 111.24 124.06 119.33 93.64 

Diff between driver3 and driver7:
44.08 60.39 81.38 36.60 -1.66 19.85 -6.37 33.25 49.18 64.00 76.05 81.31 137.50 138.76 157.70 172.34 144.56 122.64 158.38 135.16 146.50 210.73 212.08 205.08 

Diff between driver3 and driver8:
-0.56 45.30 16.31 -29.95 -69.96 -45.03 -73.93 -36.74 -35.97 -31.50 -64.36 -34.60 -7.74 2.18 17.32 22.86 17.27 5.69 16.59 31.37 47.87 68.81 83.02 82.76 

Diff between driver3 and driver9:
-7.85 21.50 25.97 3.22 -49.23 -28.41 -53.16 -37.06 -27.40 -40.61 -38.00 10.09 30.50 69.25 76.52 76.37 88.28 71.94 69.49 88.73 102.98 119.27 129.97 103.81 

Diff between driver3 and driver10:
16.16 55.23 39.74 38.20 20.26 44.72 56.53 60.59 100.65 117.22 104.21 134.39 168.24 204.10 226.72 231.33 224.50 235.09 226.52 232.26 250.92 265.59 281.48 287.77 

Diff between driver3 and driver11:
41.72 77.09 69.90 9.05 -28.91 -26.43 -27.63 -18.54 -11.73 -34.20 -55.16 -40.95 -14.56 2.48 15.10 23.16 15.08 13.46 32.18 29.73 30.64 50.81 41.00 47.38 

Diff between driver3 and driver12:
-11.01 20.26 50.47 52.82 4.10 17.42 36.86 41.54 66.03 46.59 24.04 8.62 10.69 11.98 46.01 70.01 67.72 65.81 96.77 65.01 101.31 131.58 128.78 148.47 

Diff between driver3 and driver13:
-2.29 30.29 36.43 -21.84 -31.38 1.38 -5.22 28.03 5.19 -33.17 -33.35 -35.71 2.74 13.92 13.87 36.52 21.42 7.06 -4.24 13.70 31.49 73.23 65.27 58.04 

Diff between driver3 and driver14:
6.70 75.56 83.86 68.76 49.45 64.55 41.18 50.29 69.39 41.06 45.87 74.20 83.82 104.58 113.17 131.57 147.65 136.83 156.27 132.87 129.08 166.41 171.38 144.07 

Diff between driver3 and driver15:
-5.92 21.92 28.99 -0.97 -42.08 -11.80 4.21 32.15 61.20 42.72 36.16 49.26 62.50 67.71 84.43 88.51 112.64 102.10 71.60 64.91 81.87 123.19 123.13 107.51 

Diff between driver3 and driver16:
-18.47 -2.87 16.14 -23.53 -45.06 -27.42 -43.14 -73.13 -40.12 -59.76 -49.50 -35.10 -11.54 32.42 28.66 55.89 54.47 46.67 59.14 29.23 55.97 106.87 93.86 84.07 

Diff between driver3 and driver17:
-4.69 37.26 47.41 10.78 -27.65 -10.45 -21.25 -16.34 -31.87 -44.73 -31.48 -14.30 1.35 -12.05 7.80 20.86 10.73 -13.05 7.48 21.48 24.89 72.59 74.99 67.10 

Diff between driver3 and driver18:
16.18 45.99 60.67 37.41 14.60 58.13 70.88 93.46 103.16 99.89 102.69 142.16 167.85 191.93 220.33 220.65 212.67 218.79 225.00 238.57 234.94 272.84 233.96 235.11 

Diff between driver3 and driver19:
21.57 58.08 72.23 32.51 -7.61 10.42 -11.72 6.70 -8.75 -4.29 -18.30 15.19 12.82 40.27 48.93 75.65 91.33 65.39 81.07 108.00 128.16 143.98 150.11 135.05 

Diff between driver4 and driver5:
36.88 43.08 31.62 38.73 33.62 55.02 27.54 57.20 63.16 53.52 86.74 87.38 100.56 140.10 135.78 171.50 197.53 225.40 270.70 303.45 333.18 326.88 278.39 273.98 

Diff between driver4 and driver6:
12.23 34.50 43.00 17.26 3.22 22.82 -1.88 3.44 -1.20 -15.56 14.39 -6.06 -18.55 8.23 7.64 14.38 21.13 33.67 45.83 74.22 99.88 97.72 79.28 52.85 

Diff between driver4 and driver7:
39.20 31.22 36.70 12.91 6.07 14.09 -20.92 8.16 14.02 31.19 60.68 15.80 58.51 64.60 71.25 86.59 74.24 79.36 130.45 119.97 135.14 184.39 172.03 164.29 

Diff between driver4 and driver8:
-5.44 16.13 -28.37 -53.64 -62.23 -50.79 -88.48 -61.83 -71.13 -64.31 -79.73 -100.11 -86.73 -71.98 -69.13 -62.89 -53.05 -37.59 -11.34 16.18 36.51 42.47 42.97 41.97 

Diff between driver4 and driver9:
-12.73 -7.67 -18.71 -20.47 -41.50 -34.17 -67.71 -62.15 -62.56 -73.42 -53.37 -55.42 -48.49 -4.91 -9.93 -9.38 17.96 28.66 41.56 73.54 91.62 92.93 89.92 63.02 

Diff between driver4 and driver10:
11.28 26.06 -4.94 14.51 27.99 38.96 41.98 35.50 65.49 84.41 88.84 68.88 89.25 129.94 140.27 145.58 154.18 191.81 198.59 217.07 239.56 239.25 241.43 246.98 

Diff between driver4 and driver11:
36.84 47.92 25.22 -14.64 -21.18 -32.19 -42.18 -43.63 -46.89 -67.01 -70.53 -106.46 -93.55 -71.68 -71.35 -62.59 -55.24 -29.82 4.25 14.54 19.28 24.47 0.95 6.59 

Diff between driver4 and driver12:
-15.89 -8.91 5.79 29.13 11.83 11.66 22.31 16.45 30.87 13.78 8.67 -56.89 -68.30 -62.18 -40.44 -15.74 -2.60 22.53 68.84 49.82 89.95 105.24 88.73 107.68 

Diff between driver4 and driver13:
-7.17 1.12 -8.25 -45.53 -23.65 -4.38 -19.77 2.94 -29.97 -65.98 -48.72 -101.22 -76.25 -60.24 -72.58 -49.23 -48.90 -36.22 -32.17 -1.49 20.13 46.89 25.22 17.25 

Diff between driver4 and driver14:
1.82 46.39 39.18 45.07 57.18 58.79 26.63 25.20 34.23 8.25 30.50 8.69 4.83 30.42 26.72 45.82 77.33 93.55 128.34 117.68 117.72 140.07 131.33 103.28 

Diff between driver4 and driver15:
-10.80 -7.25 -15.69 -24.66 -34.35 -17.56 -10.34 7.06 26.04 9.91 20.79 -16.25 -16.49 -6.45 -2.02 2.76 42.32 58.82 43.67 49.72 70.51 96.85 83.08 66.72 

Diff between driver4 and driver16:
-23.35 -32.04 -28.54 -47.22 -37.33 -33.18 -57.69 -98.22 -75.28 -92.57 -64.87 -100.61 -90.53 -41.74 -57.79 -29.86 -15.85 3.39 31.21 14.04 44.61 80.53 53.81 43.28 

Diff between driver4 and driver17:
-9.57 8.09 2.73 -12.91 -19.92 -16.21 -35.80 -41.43 -67.03 -77.54 -46.85 -79.81 -77.64 -86.21 -78.65 -64.89 -59.59 -56.33 -20.45 6.29 13.53 46.25 34.94 26.31 

Diff between driver4 and driver18:
11.30 16.82 15.99 13.72 22.33 52.37 56.33 68.37 68.00 67.08 87.32 76.65 88.86 117.77 133.88 134.90 142.35 175.51 197.07 223.38 223.58 246.50 193.91 194.32 

Diff between driver4 and driver19:
16.69 28.91 27.55 8.82 0.12 4.66 -26.27 -18.39 -43.91 -37.10 -33.67 -50.32 -66.17 -33.89 -37.52 -10.10 21.01 22.11 53.14 92.81 116.80 117.64 110.06 94.26 

Diff between driver5 and driver6:
-24.65 -8.58 11.38 -21.47 -30.40 -32.20 -29.42 -53.76 -64.36 -69.08 -72.35 -93.44 -119.11 -131.87 -128.14 -157.12 -176.40 -191.73 -224.87 -229.23 -233.30 -229.16 -199.11 -221.13 

Diff between driver5 and driver7:
2.32 -11.86 5.08 -25.82 -27.55 -40.93 -48.46 -49.04 -49.14 -22.33 -26.06 -71.58 -42.05 -75.50 -64.53 -84.91 -123.29 -146.04 -140.25 -183.48 -198.04 -142.49 -106.36 -109.69 

Diff between driver5 and driver8:
-42.32 -26.95 -59.99 -92.37 -95.85 -105.81 -116.02 -119.03 -134.29 -117.83 -166.47 -187.49 -187.29 -212.08 -204.91 -234.39 -250.58 -262.99 -282.04 -287.27 -296.67 -284.41 -235.42 -232.01 

Diff between driver5 and driver9:
-49.61 -50.75 -50.33 -59.20 -75.12 -89.19 -95.25 -119.35 -125.72 -126.94 -140.11 -142.80 -149.05 -145.01 -145.71 -180.88 -179.57 -196.74 -229.14 -229.91 -241.56 -233.95 -188.47 -210.96 

Diff between driver5 and driver10:
-25.60 -17.02 -36.56 -24.22 -5.63 -16.06 14.44 -21.70 2.33 30.89 2.10 -18.50 -11.31 -10.16 4.49 -25.92 -43.35 -33.59 -72.11 -86.38 -93.62 -87.63 -36.96 -27.00 

Diff between driver5 and driver11:
-0.04 4.84 -6.40 -53.37 -54.80 -87.21 -69.72 -100.83 -110.05 -120.53 -157.27 -193.84 -194.11 -211.78 -207.13 -234.09 -252.77 -255.22 -266.45 -288.91 -313.90 -302.41 -277.44 -267.39 

Diff between driver5 and driver12:
-52.77 -51.99 -25.83 -9.60 -21.79 -43.36 -5.23 -40.75 -32.29 -39.74 -78.07 -144.27 -168.86 -202.28 -176.22 -187.24 -200.13 -202.87 -201.86 -253.63 -243.23 -221.64 -189.66 -166.30 

Diff between driver5 and driver13:
-44.05 -41.96 -39.87 -84.26 -57.27 -59.40 -47.31 -54.26 -93.13 -119.50 -135.46 -188.60 -176.81 -200.34 -208.36 -220.73 -246.43 -261.62 -302.87 -304.94 -313.05 -279.99 -253.17 -256.73 

Diff between driver5 and driver14:
-35.06 3.31 7.56 6.34 23.56 3.77 -0.91 -32.00 -28.93 -45.27 -56.24 -78.69 -95.73 -109.68 -109.06 -125.68 -120.20 -131.85 -142.36 -185.77 -215.46 -186.81 -147.06 -170.70 

Diff between driver5 and driver15:
-47.68 -50.33 -47.31 -63.39 -67.97 -72.58 -37.88 -50.14 -37.12 -43.61 -65.95 -103.63 -117.05 -146.55 -137.80 -168.74 -155.21 -166.58 -227.03 -253.73 -262.67 -230.03 -195.31 -207.26 

Diff between driver5 and driver16:
-60.23 -75.12 -60.16 -85.95 -70.95 -88.20 -85.23 -155.42 -138.44 -146.09 -151.61 -187.99 -191.09 -181.84 -193.57 -201.36 -213.38 -222.01 -239.49 -289.41 -288.57 -246.35 -224.58 -230.70 

Diff between driver5 and driver17:
-46.45 -34.99 -28.89 -51.64 -53.54 -71.23 -63.34 -98.63 -130.19 -131.06 -133.59 -167.19 -178.20 -226.31 -214.43 -236.39 -257.12 -281.73 -291.15 -297.16 -319.65 -280.63 -243.45 -247.67 

Diff between driver5 and driver18:
-25.58 -26.26 -15.63 -25.01 -11.29 -2.65 28.79 11.17 4.84 13.56 0.58 -10.73 -11.70 -22.33 -1.90 -36.60 -55.18 -49.89 -73.63 -80.07 -109.60 -80.38 -84.48 -79.66 

Diff between driver5 and driver19:
-20.19 -14.17 -4.07 -29.91 -33.50 -50.36 -53.81 -75.59 -107.07 -90.62 -120.41 -137.70 -166.73 -173.99 -173.30 -181.60 -176.52 -203.29 -217.56 -210.64 -216.38 -209.24 -168.33 -179.72 

Diff between driver6 and driver7:
26.97 -3.28 -6.30 -4.35 2.85 -8.73 -19.04 4.72 15.22 46.75 46.29 21.86 77.06 56.37 63.61 72.21 53.11 45.69 84.62 45.75 35.26 86.67 92.75 111.44 

Diff between driver6 and driver8:
-17.67 -18.37 -71.37 -70.90 -65.45 -73.61 -86.60 -65.27 -69.93 -48.75 -94.12 -94.05 -68.18 -80.21 -76.77 -77.27 -74.18 -71.26 -57.17 -58.04 -63.37 -55.25 -36.31 -10.88 

Diff between driver6 and driver9:
-24.96 -42.17 -61.71 -37.73 -44.72 -56.99 -65.83 -65.59 -61.36 -57.86 -67.76 -49.36 -29.94 -13.14 -17.57 -23.76 -3.17 -5.01 -4.27 -0.68 -8.26 -4.79 10.64 10.17 

Diff between driver6 and driver10:
-0.95 -8.44 -47.94 -2.75 24.77 16.14 43.86 32.06 66.69 99.97 74.45 74.94 107.80 121.71 132.63 131.20 133.05 158.14 152.76 142.85 139.68 141.53 162.15 194.13 

Diff between driver6 and driver11:
24.61 13.42 -17.78 -31.90 -24.40 -55.01 -40.30 -47.07 -45.69 -51.45 -84.92 -100.40 -75.00 -79.91 -78.99 -76.97 -76.37 -63.49 -41.58 -59.68 -80.60 -73.25 -78.33 -46.26 

Diff between driver6 and driver12:
-28.12 -43.41 -37.21 11.87 8.61 -11.16 24.19 13.01 32.07 29.34 -5.72 -50.83 -49.75 -70.41 -48.08 -30.12 -23.73 -11.14 23.01 -24.40 -9.93 7.52 9.45 54.83 

Diff between driver6 and driver13:
-19.40 -33.38 -51.25 -62.79 -26.87 -27.20 -17.89 -0.50 -28.77 -50.42 -63.11 -95.16 -57.70 -68.47 -80.22 -63.61 -70.03 -69.89 -78.00 -75.71 -79.75 -50.83 -54.06 -35.60 

Diff between driver6 and driver14:
-10.41 11.89 -3.82 27.81 53.96 35.97 28.51 21.76 35.43 23.81 16.11 14.75 23.38 22.19 19.08 31.44 56.20 59.88 82.51 43.46 17.84 42.35 52.05 50.43 

Diff between driver6 and driver15:
-23.03 -41.75 -58.69 -41.92 -37.57 -40.38 -8.46 3.62 27.24 25.47 6.40 -10.19 2.06 -14.68 -9.66 -11.62 21.19 25.15 -2.16 -24.50 -29.37 -0.87 3.80 13.87 

Diff between driver6 and driver16:
-35.58 -66.54 -71.54 -64.48 -40.55 -56.00 -55.81 -101.66 -74.08 -77.01 -79.26 -94.55 -71.98 -49.97 -65.43 -44.24 -36.98 -30.28 -14.62 -60.18 -55.27 -17.19 -25.47 -9.57 

Diff between driver6 and driver17:
-21.80 -26.41 -40.27 -30.17 -23.14 -39.03 -33.92 -44.87 -65.83 -61.98 -61.24 -73.75 -59.09 -94.44 -86.29 -79.27 -80.72 -90.00 -66.28 -67.93 -86.35 -51.47 -44.34 -26.54 

Diff between driver6 and driver18:
-0.93 -17.68 -27.01 -3.54 19.11 29.55 58.21 64.93 69.20 82.64 72.93 82.71 107.41 109.54 126.24 120.52 121.22 141.84 151.24 149.16 123.70 148.78 114.63 141.47 

Diff between driver6 and driver19:
4.46 -5.59 -15.45 -8.44 -3.10 -18.16 -24.39 -21.83 -42.71 -21.54 -48.06 -44.26 -47.62 -42.12 -45.16 -24.48 -0.12 -11.56 7.31 18.59 16.92 19.92 30.78 41.41 

Diff between driver7 and driver8:
-44.64 -15.09 -65.07 -66.55 -68.30 -64.88 -67.56 -69.99 -85.15 -95.50 -140.41 -115.91 -145.24 -136.58 -140.38 -149.48 -127.29 -116.95 -141.79 -103.79 -98.63 -141.92 -129.06 -122.32 

Diff between driver7 and driver9:
-51.93 -38.89 -55.41 -33.38 -47.57 -48.26 -46.79 -70.31 -76.58 -104.61 -114.05 -71.22 -107.00 -69.51 -81.18 -95.97 -56.28 -50.70 -88.89 -46.43 -43.52 -91.46 -82.11 -101.27 

Diff between driver7 and driver10:
-27.92 -5.16 -41.64 1.60 21.92 24.87 62.90 27.34 51.47 53.22 28.16 53.08 30.74 65.34 69.02 58.99 79.94 112.45 68.14 97.10 104.42 54.86 69.40 82.69 

Diff between driver7 and driver11:
-2.36 16.70 -11.48 -27.55 -27.25 -46.28 -21.26 -51.79 -60.91 -98.20 -131.21 -122.26 -152.06 -136.28 -142.60 -149.18 -129.48 -109.18 -126.20 -105.43 -115.86 -159.92 -171.08 -157.70 

Diff between driver7 and driver12:
-55.09 -40.13 -30.91 16.22 5.76 -2.43 43.23 8.29 16.85 -17.41 -52.01 -72.69 -126.81 -126.78 -111.69 -102.33 -76.84 -56.83 -61.61 -70.15 -45.19 -79.15 -83.30 -56.61 

Diff between driver7 and driver13:
-46.37 -30.10 -44.95 -58.44 -29.72 -18.47 1.15 -5.22 -43.99 -97.17 -109.40 -117.02 -134.76 -124.84 -143.83 -135.82 -123.14 -115.58 -162.62 -121.46 -115.01 -137.50 -146.81 -147.04 

Diff between driver7 and driver14:
-37.38 15.17 2.48 32.16 51.11 44.70 47.55 17.04 20.21 -22.94 -30.18 -7.11 -53.68 -34.18 -44.53 -40.77 3.09 14.19 -2.11 -2.29 -17.42 -44.32 -40.70 -61.01 

Diff between driver7 and driver15:
-50.00 -38.47 -52.39 -37.57 -40.42 -31.65 10.58 -1.10 12.02 -21.28 -39.89 -32.05 -75.00 -71.05 -73.27 -83.83 -31.92 -20.54 -86.78 -70.25 -64.63 -87.54 -88.95 -97.57 

Diff between driver7 and driver16:
-62.55 -63.26 -65.24 -60.13 -43.40 -47.27 -36.77 -106.38 -89.30 -123.76 -125.55 -116.41 -149.04 -106.34 -129.04 -116.45 -90.09 -75.97 -99.24 -105.93 -90.53 -103.86 -118.22 -121.01 

Diff between driver7 and driver17:
-48.77 -23.13 -33.97 -25.82 -25.99 -30.30 -14.88 -49.59 -81.05 -108.73 -107.53 -95.61 -136.15 -150.81 -149.90 -151.48 -133.83 -135.69 -150.90 -113.68 -121.61 -138.14 -137.09 -137.98 

Diff between driver7 and driver18:
-27.90 -14.40 -20.71 0.81 16.26 38.28 77.25 60.21 53.98 35.89 26.64 60.85 30.35 53.17 62.63 48.31 68.11 96.15 66.62 103.41 88.44 62.11 21.88 30.03 

Diff between driver7 and driver19:
-22.51 -2.31 -9.15 -4.09 -5.95 -9.43 -5.35 -26.55 -57.93 -68.29 -94.35 -66.12 -124.68 -98.49 -108.77 -96.69 -53.23 -57.25 -77.31 -27.16 -18.34 -66.75 -61.97 -70.03 

Diff between driver8 and driver9:
-7.29 -23.80 9.66 33.17 20.73 16.62 20.77 -0.32 8.57 -9.11 26.36 44.69 38.24 67.07 59.20 53.51 71.01 66.25 52.90 57.36 55.11 50.46 46.95 21.05 

Diff between driver8 and driver10:
16.72 9.93 23.43 68.15 90.22 89.75 130.46 97.33 136.62 148.72 168.57 168.99 175.98 201.92 209.40 208.47 207.23 229.40 209.93 200.89 203.05 196.78 198.46 205.01 

Diff between driver8 and driver11:
42.28 31.79 53.59 39.00 41.05 18.60 46.30 18.20 24.24 -2.70 9.20 -6.35 -6.82 0.30 -2.22 0.30 -2.19 7.77 15.59 -1.64 -17.23 -18.00 -42.02 -35.38 

Diff between driver8 and driver12:
-10.45 -25.04 34.16 82.77 74.06 62.45 110.79 78.28 102.00 78.09 88.40 43.22 18.43 9.80 28.69 47.15 50.45 60.12 80.18 33.64 53.44 62.77 45.76 65.71 

Diff between driver8 and driver13:
-1.73 -15.01 20.12 8.11 38.58 46.41 68.71 64.77 41.16 -1.67 31.01 -1.11 10.48 11.74 -3.45 13.66 4.15 1.37 -20.83 -17.67 -16.38 4.42 -17.75 -24.72 

Diff between driver8 and driver14:
7.26 30.26 67.55 98.71 119.41 109.58 115.11 87.03 105.36 72.56 110.23 108.80 91.56 102.40 95.85 108.71 130.38 131.14 139.68 101.50 81.21 97.60 88.36 61.31 

Diff between driver8 and driver15:
-5.36 -23.38 12.68 28.98 27.88 33.23 78.14 68.89 97.17 74.22 100.52 83.86 70.24 65.53 67.11 65.65 95.37 96.41 55.01 33.54 34.00 54.38 40.11 24.75 

Diff between driver8 and driver16:
-17.91 -48.17 -0.17 6.42 24.90 17.61 30.79 -36.39 -4.15 -28.26 14.86 -0.50 -3.80 30.24 11.34 33.03 37.20 40.98 42.55 -2.14 8.10 38.06 10.84 1.31 

Diff between driver8 and driver17:
-4.13 -8.04 31.10 40.73 42.31 34.58 52.68 20.40 4.10 -13.23 32.88 20.30 9.09 -14.23 -9.52 -2.00 -6.54 -18.74 -9.11 -9.89 -22.98 3.78 -8.03 -15.66 

Diff between driver8 and driver18:
16.74 0.69 44.36 67.36 84.56 103.16 144.81 130.20 139.13 131.39 167.05 176.76 175.59 189.75 203.01 197.79 195.40 213.10 208.41 207.20 187.07 204.03 150.94 152.35 

Diff between driver8 and driver19:
22.13 12.78 55.92 62.46 62.35 55.45 62.21 43.44 27.22 27.21 46.06 49.79 20.56 38.09 31.61 52.79 74.06 59.70 64.48 76.63 80.29 75.17 67.09 52.29 

Diff between driver9 and driver10:
24.01 33.73 13.77 34.98 69.49 73.13 109.69 97.65 128.05 157.83 142.21 124.30 137.74 134.85 150.20 154.96 136.22 163.15 157.03 143.53 147.94 146.32 151.51 183.96 

Diff between driver9 and driver11:
49.57 55.59 43.93 5.83 20.32 1.98 25.53 18.52 15.67 6.41 -17.16 -51.04 -45.06 -66.77 -61.42 -53.21 -73.20 -58.48 -37.31 -59.00 -72.34 -68.46 -88.97 -56.43 

Diff between driver9 and driver12:
-3.16 -1.24 24.50 49.60 53.33 45.83 90.02 78.60 93.43 87.20 62.04 -1.47 -19.81 -57.27 -30.51 -6.36 -20.56 -6.13 27.28 -23.72 -1.67 12.31 -1.19 44.66 

Diff between driver9 and driver13:
5.56 8.79 10.46 -25.06 17.85 29.79 47.94 65.09 32.59 7.44 4.65 -45.80 -27.76 -55.33 -62.65 -39.85 -66.86 -64.88 -73.73 -75.03 -71.49 -46.04 -64.70 -45.77 

Diff between driver9 and driver14:
14.55 54.06 57.89 65.54 98.68 92.96 94.34 87.35 96.79 81.67 83.87 64.11 53.32 35.33 36.65 55.20 59.37 64.89 86.78 44.14 26.10 47.14 41.41 40.26 

Diff between driver9 and driver15:
1.93 0.42 3.02 -4.19 7.15 16.61 57.37 69.21 88.60 83.33 74.16 39.17 32.00 -1.54 7.91 12.14 24.36 30.16 2.11 -23.82 -21.11 3.92 -6.84 3.70 

Diff between driver9 and driver16:
-10.62 -24.37 -9.83 -26.75 4.17 0.99 10.02 -36.07 -12.72 -19.15 -11.50 -45.19 -42.04 -36.83 -47.86 -20.48 -33.81 -25.27 -10.35 -59.50 -47.01 -12.40 -36.11 -19.74 

Diff between driver9 and driver17:
3.16 15.76 21.44 7.56 21.58 17.96 31.91 20.72 -4.47 -4.12 6.52 -24.39 -29.15 -81.30 -68.72 -55.51 -77.55 -84.99 -62.01 -67.25 -78.09 -46.68 -54.98 -36.71 

Diff between driver9 and driver18:
24.03 24.49 34.70 34.19 63.83 86.54 124.04 130.52 130.56 140.50 140.69 132.07 137.35 122.68 143.81 144.28 124.39 146.85 155.51 149.84 131.96 153.57 103.99 131.30 

Diff between driver9 and driver19:
29.42 36.58 46.26 29.29 41.62 38.83 41.44 43.76 18.65 36.32 19.70 5.10 -17.68 -28.98 -27.59 -0.72 3.05 -6.55 11.58 19.27 25.18 24.71 20.14 31.24 

Diff between driver10 and driver11:
25.56 21.86 30.16 -29.15 -49.17 -71.15 -84.16 -79.13 -112.38 -151.42 -159.37 -175.34 -182.80 -201.62 -211.62 -208.17 -209.42 -221.63 -194.34 -202.53 -220.28 -214.78 -240.48 -240.39 

Diff between driver10 and driver12:
-27.17 -34.97 10.73 14.62 -16.16 -27.30 -19.67 -19.05 -34.62 -70.63 -80.17 -125.77 -157.55 -192.12 -180.71 -161.32 -156.78 -169.28 -129.75 -167.25 -149.61 -134.01 -152.70 -139.30 

Diff between driver10 and driver13:
-18.45 -24.94 -3.31 -60.04 -51.64 -43.34 -61.75 -32.56 -95.46 -150.39 -137.56 -170.10 -165.50 -190.18 -212.85 -194.81 -203.08 -228.03 -230.76 -218.56 -219.43 -192.36 -216.21 -229.73 

Diff between driver10 and driver14:
-9.46 20.33 44.12 30.56 29.19 19.83 -15.35 -10.30 -31.26 -76.16 -58.34 -60.19 -84.42 -99.52 -113.55 -99.76 -76.85 -98.26 -70.25 -99.39 -121.84 -99.18 -110.10 -143.70 

Diff between driver10 and driver15:
-22.08 -33.31 -10.75 -39.17 -62.34 -56.52 -52.32 -28.44 -39.45 -74.50 -68.05 -85.13 -105.74 -136.39 -142.29 -142.82 -111.86 -132.99 -154.92 -167.35 -169.05 -142.40 -158.35 -180.26 

Diff between driver10 and driver16:
-34.63 -58.10 -23.60 -61.73 -65.32 -72.14 -99.67 -133.72 -140.77 -176.98 -153.71 -169.49 -179.78 -171.68 -198.06 -175.44 -170.03 -188.42 -167.38 -203.03 -194.95 -158.72 -187.62 -203.70 

Diff between driver10 and driver17:
-20.85 -17.97 7.67 -27.42 -47.91 -55.17 -77.78 -76.93 -132.52 -161.95 -135.69 -148.69 -166.89 -216.15 -218.92 -210.47 -213.77 -248.14 -219.04 -210.78 -226.03 -193.00 -206.49 -220.67 

Diff between driver10 and driver18:
0.02 -9.24 20.93 -0.79 -5.66 13.41 14.35 32.87 2.51 -17.33 -1.52 7.77 -0.39 -12.17 -6.39 -10.68 -11.83 -16.30 -1.52 6.31 -15.98 7.25 -47.52 -52.66 

Diff between driver10 and driver19:
5.41 2.85 32.49 -5.69 -27.87 -34.30 -68.25 -53.89 -109.40 -121.51 -122.51 -119.20 -155.42 -163.83 -177.79 -155.68 -133.17 -169.70 -145.45 -124.26 -122.76 -121.61 -131.37 -152.72 

Diff between driver11 and driver12:
-52.73 -56.83 -19.43 43.77 33.01 43.85 64.49 60.08 77.76 80.79 79.20 49.57 25.25 9.50 30.91 46.85 52.64 52.35 64.59 35.28 70.67 80.77 87.78 101.09 

Diff between driver11 and driver13:
-44.01 -46.80 -33.47 -30.89 -2.47 27.81 22.41 46.57 16.92 1.03 21.81 5.24 17.30 11.44 -1.23 13.36 6.34 -6.40 -36.42 -16.03 0.85 22.42 24.27 10.66 

Diff between driver11 and driver14:
-35.02 -1.53 13.96 59.71 78.36 90.98 68.81 68.83 81.12 75.26 101.03 115.15 98.38 102.10 98.07 108.41 132.57 123.37 124.09 103.14 98.44 115.60 130.38 96.69 

Diff between driver11 and driver15:
-47.64 -55.17 -40.91 -10.02 -13.17 14.63 31.84 50.69 72.93 76.92 91.32 90.21 77.06 65.23 69.33 65.35 97.56 88.64 39.42 35.18 51.23 72.38 82.13 60.13 

Diff between driver11 and driver16:
-60.19 -79.96 -53.76 -32.58 -16.15 -0.99 -15.51 -54.59 -28.39 -25.56 5.66 5.85 3.02 29.94 13.56 32.73 39.39 33.21 26.96 -0.50 25.33 56.06 52.86 36.69 

Diff between driver11 and driver17:
-46.41 -39.83 -22.49 1.73 1.26 15.98 6.38 2.20 -20.14 -10.53 23.68 26.65 15.91 -14.53 -7.30 -2.30 -4.35 -26.51 -24.70 -8.25 -5.75 21.78 33.99 19.72 

Diff between driver11 and driver18:
-25.54 -31.10 -9.23 28.36 43.51 84.56 98.51 112.00 114.89 134.09 157.85 183.11 182.41 189.45 205.23 197.49 197.59 205.33 192.82 208.84 204.30 222.03 192.96 187.73 

Diff between driver11 and driver19:
-20.15 -19.01 2.33 23.46 21.30 36.85 15.91 25.24 2.98 29.91 36.86 56.14 27.38 37.79 33.83 52.49 76.25 51.93 48.89 78.27 97.52 93.17 109.11 87.67 

Diff between driver12 and driver13:
8.72 10.03 -14.04 -74.66 -35.48 -16.04 -42.08 -13.51 -60.84 -79.76 -57.39 -44.33 -7.95 1.94 -32.14 -33.49 -46.30 -58.75 -101.01 -51.31 -69.82 -58.35 -63.51 -90.43 

Diff between driver12 and driver14:
17.71 55.30 33.39 15.94 45.35 47.13 4.32 8.75 3.36 -5.53 21.83 65.58 73.13 92.60 67.16 61.56 79.93 71.02 59.50 67.86 27.77 34.83 42.60 -4.40 

Diff between driver12 and driver15:
5.09 1.66 -21.48 -53.79 -46.18 -29.22 -32.65 -9.39 -4.83 -3.87 12.12 40.64 51.81 55.73 38.42 18.50 44.92 36.29 -25.17 -0.10 -19.44 -8.39 -5.65 -40.96 

Diff between driver12 and driver16:
-7.46 -23.13 -34.33 -76.35 -49.16 -44.84 -80.00 -114.67 -106.15 -106.35 -73.54 -43.72 -22.23 20.44 -17.35 -14.12 -13.25 -19.14 -37.63 -35.78 -45.34 -24.71 -34.92 -64.40 

Diff between driver12 and driver17:
6.32 17.00 -3.06 -42.04 -31.75 -27.87 -58.11 -57.88 -97.90 -91.32 -55.52 -22.92 -9.34 -24.03 -38.21 -49.15 -56.99 -78.86 -89.29 -43.53 -76.42 -58.99 -53.79 -81.37 

Diff between driver12 and driver18:
27.19 25.73 10.20 -15.41 10.50 40.71 34.02 51.92 37.13 53.30 78.65 133.54 157.16 179.95 174.32 150.64 144.95 152.98 128.23 173.56 133.63 141.26 105.18 86.64 

Diff between driver12 and driver19:
32.58 37.82 21.76 -20.31 -11.71 -7.00 -48.58 -34.84 -74.78 -50.88 -42.34 6.57 2.13 28.29 2.92 5.64 23.61 -0.42 -15.70 42.99 26.85 12.40 21.33 -13.42 

Diff between driver13 and driver14:
8.99 45.27 47.43 90.60 80.83 63.17 46.40 22.26 64.20 74.23 79.22 109.91 81.08 90.66 99.30 95.05 126.23 129.77 160.51 119.17 97.59 93.18 106.11 86.03 

Diff between driver13 and driver15:
-3.63 -8.37 -7.44 20.87 -10.70 -13.18 9.43 4.12 56.01 75.89 69.51 84.97 59.76 53.79 70.56 51.99 91.22 95.04 75.84 51.21 50.38 49.96 57.86 49.47 

Diff between driver13 and driver16:
-16.18 -33.16 -20.29 -1.69 -13.68 -28.80 -37.92 -101.16 -45.31 -26.59 -16.15 0.61 -14.28 18.50 14.79 19.37 33.05 39.61 63.38 15.53 24.48 33.64 28.59 26.03 

Diff between driver13 and driver17:
-2.40 6.97 10.98 32.62 3.73 -11.83 -16.03 -44.37 -37.06 -11.56 1.87 21.41 -1.39 -25.97 -6.07 -15.66 -10.69 -20.11 11.72 7.78 -6.60 -0.64 9.72 9.06 

Diff between driver13 and driver18:
18.47 15.70 24.24 59.25 45.98 56.75 76.10 65.43 97.97 133.06 136.04 177.87 165.11 178.01 206.46 184.13 191.25 211.73 229.24 224.87 203.45 199.61 168.69 177.07 

Diff between driver13 and driver19:
23.86 27.79 35.80 54.35 23.77 9.04 -6.50 -21.33 -13.94 28.88 15.05 50.90 10.08 26.35 35.06 39.13 69.91 58.33 85.31 94.30 96.67 70.75 84.84 77.01 

Diff between driver14 and driver15:
-12.62 -53.64 -54.87 -69.73 -91.53 -76.35 -36.97 -18.14 -8.19 1.66 -9.71 -24.94 -21.32 -36.87 -28.74 -43.06 -35.01 -34.73 -84.67 -67.96 -47.21 -43.22 -48.25 -36.56 

Diff between driver14 and driver16:
-25.17 -78.43 -67.72 -92.29 -94.51 -91.97 -84.32 -123.42 -109.51 -100.82 -95.37 -109.30 -95.36 -72.16 -84.51 -75.68 -93.18 -90.16 -97.13 -103.64 -73.11 -59.54 -77.52 -60.00 

Diff between driver14 and driver17:
-11.39 -38.30 -36.45 -57.98 -77.10 -75.00 -62.43 -66.63 -101.26 -85.79 -77.35 -88.50 -82.47 -116.63 -105.37 -110.71 -136.92 -149.88 -148.79 -111.39 -104.19 -93.82 -96.39 -76.97 

Diff between driver14 and driver18:
9.48 -29.57 -23.19 -31.35 -34.85 -6.42 29.70 43.17 33.77 58.83 56.82 67.96 84.03 87.35 107.16 89.08 65.02 81.96 68.73 105.70 105.86 106.43 62.58 91.04 

Diff between driver14 and driver19:
14.87 -17.48 -11.63 -36.25 -57.06 -54.13 -52.90 -43.59 -78.14 -45.35 -64.17 -59.01 -71.00 -64.31 -64.24 -55.92 -56.32 -71.44 -75.20 -24.87 -0.92 -22.43 -21.27 -9.02 

Diff between driver15 and driver16:
-12.55 -24.79 -12.85 -22.56 -2.98 -15.62 -47.35 -105.28 -101.32 -102.48 -85.66 -84.36 -74.04 -35.29 -55.77 -32.62 -58.17 -55.43 -12.46 -35.68 -25.90 -16.32 -29.27 -23.44 

Diff between driver15 and driver17:
1.23 15.34 18.42 11.75 14.43 1.35 -25.46 -48.49 -93.07 -87.45 -67.64 -63.56 -61.15 -79.76 -76.63 -67.65 -101.91 -115.15 -64.12 -43.43 -56.98 -50.60 -48.14 -40.41 

Diff between driver15 and driver18:
22.10 24.07 31.68 38.38 56.68 69.93 66.67 61.31 41.96 57.17 66.53 92.90 105.35 124.22 135.90 132.14 100.03 116.69 153.40 173.66 153.07 149.65 110.83 127.60 

Diff between driver15 and driver19:
27.49 36.16 43.24 33.48 34.47 22.22 -15.93 -25.45 -69.95 -47.01 -54.46 -34.07 -49.68 -27.44 -35.50 -12.86 -21.31 -36.71 9.47 43.09 46.29 20.79 26.98 27.54 

Diff between driver16 and driver17:
13.78 40.13 31.27 34.31 17.41 16.97 21.89 56.79 8.25 15.03 18.02 20.80 12.89 -44.47 -20.86 -35.03 -43.74 -59.72 -51.66 -7.75 -31.08 -34.28 -18.87 -16.97 

Diff between driver16 and driver18:
34.65 48.86 44.53 60.94 59.66 85.55 114.02 166.59 143.28 159.65 152.19 177.26 179.39 159.51 191.67 164.76 158.20 172.12 165.86 209.34 178.97 165.97 140.10 151.04 

Diff between driver16 and driver19:
40.04 60.95 56.09 56.04 37.45 37.84 31.42 79.83 31.37 55.47 31.20 50.29 24.36 7.85 20.27 19.76 36.86 18.72 21.93 78.77 72.19 37.11 56.25 50.98 

Diff between driver17 and driver18:
20.87 8.73 13.26 26.63 42.25 68.58 92.13 109.80 135.03 144.62 134.17 156.46 166.50 203.98 212.53 199.79 201.94 231.84 217.52 217.09 210.05 200.25 158.97 168.01 

Diff between driver17 and driver19:
26.26 20.82 24.82 21.73 20.04 20.87 9.53 23.04 23.12 40.44 13.18 29.49 11.47 52.32 41.13 54.79 80.60 78.44 73.59 86.52 103.27 71.39 75.12 67.95 

Diff between driver18 and driver19:
5.39 12.09 11.56 -4.90 -22.21 -47.71 -82.60 -86.76 -111.91 -104.18 -120.99 -126.97 -155.03 -151.66 -171.40 -145.00 -121.34 -153.40 -143.93 -130.57 -106.78 -128.86 -83.85 -100.06 

