110.81 97.88 91.54 
87.73 100.67 87.96 
102.48 87.50 89.17 
86.28 87.86 98.44 
110.21 74.43 92.58 
98.33 101.84 92.85 
91.88 100.71 98.58 
89.64 91.80 101.27 
95.04 91.16 82.19 
117.25 95.25 117.58 
104.93 100.70 112.61 
116.09 107.89 93.81 
98.37 84.54 93.65 
86.45 87.16 105.15 
100.24 93.97 97.75 
90.92 94.18 94.26 
112.49 98.65 110.93 
108.86 95.05 81.24 
104.24 102.68 91.04 
101.44 83.00 106.52 
106.06 92.16 89.25 
100.82 107.76 87.00 
106.75 101.15 113.13 
96.80 108.40 96.65 
115.23 101.23 101.00 
5 5
