5 10
120.13 128.10 116.24
131.84 43.49 59.22
37.87 90.83 146.57
38.35 105.81 97.11
85.03 158.22 56.64
104.85 99.36 88.74
156.45 57.39 126.18
128.26 103.91 124.60
100.85 76.96 98.46
100.68 98.62 121.95
123.48 78.67 98.00
76.18 147.82 113.26
101.69 103.04 117.89
127.33 81.93 97.00
47.02 115.19 72.32
88.11 124.63 92.69
137.65 76.79 121.51
77.49 108.03 83.59
80.35 86.61 152.76
65.18 128.97 92.56
63.93 182.49 123.63
86.39 151.29 72.19
97.39 135.53 67.35
71.30 96.29 104.51
138.08 74.06 148.63
140.73 99.15 70.23
106.99 69.66 74.78
63.87 53.72 163.86
160.85 75.40 84.47
107.42 125.36 96.83
76.95 60.78 126.35
134.75 82.64 102.53
112.71 134.22 93.47
86.39 58.06 141.42
128.96 74.91 107.56
81.08 102.16 76.01
120.16 92.39 128.45
114.29 127.06 77.08
102.91 81.53 129.44
63.13 74.25 69.29
153.76 56.49 133.70
154.45 61.05 135.69
51.67 106.58 90.48
72.20 143.84 111.71
160.18 57.28 99.00
73.94 112.39 128.86
88.54 102.87 91.74
123.20 98.49 151.47
84.83 91.91 62.48
53.92 122.27 123.78
5 25
4 4 2 2 1 5 3 2 5 2 3 3 3 5 1 5 4 3 2 1 4 2 3 4 1
1 5 3 5 2 4 2 5 4 3 5 5 4 4 2 2 2 4 5 3 3 4 4 5 5
3 2 1 4 3 1 5 3 3 4 4 2 5 2 3 3 5 1 1 4 5 1 1 2 2
2 1 5 3 5 3 4 4 2 1 1 1 1 3 4 1 3 2 3 5 2 5 2 1 4
5 3 4 1 4 2 1 1 1 5 2 4 2 1 5 4 1 5 4 2 1 3 5 3 3
5 1 0 0 0